32767
12017
13165
1830
20527
4446
4462
59669
15821
11132
9759
60772
6640
5645
0611
52245
58190
4555
6460
1201
64957
14655
13365
8938
59143
8235
8398
15098
63385
14488
15053
27002
1992
8266
1132
15576
57892
62545
57817
14537
0049
0236
55579
6800
61928
56633
45707
61602
0911
0157
59128
2373
12922
7265
63222
58105
7220
4126
3177
58596
12803
10971
13294
56026
2542
61774
3189
43934
56164
55109
7209
51714
57866
52342
3254
49379
48504
43088
63965
59055
59127
55372
6299
7415
64676
54952
60241
3892
62571
58389
58513
10931
4246
65328
50349
65346
56365
56242
36474
55826
54619
65177
43536
57678
54038
0063
41227
48662
47746
2235
54096
59510
59720
12880
2676
61603
55144
1787
1268
58964
56127
0126
10733
65414
58930
54162
1290
53713
50003
40058
62459
57670
62154
45967
0761
60385
65421
42102
58637
58395
7807
55216
3382
5236
20571
0974
0614
63073
11096
65420
61337
62155
11325
10893
65133
60701
64489
3937
53978
51211
52166
6005
62239
64185
57076
12883
1668
1877
50583
7555
3571
12474
61186
17157
16220
24918
0944
9280
6556
16635
63145
1635
5039
19442
7945
1352
0334
8138
2579
54725
56059
65128
10568
64710
2532
4323
20309
3848
3037
60873
17898
7757
12923
2123
27334
19609
22008
65205
15600
8911
13576
57882
6221
8493
18591
65365
2084
2568
9435
59950
53965
59536
6199
6532
63462
4803
11963
17832
65203
1508
1916
18312
3202
8609
5584
28361
12689
12214
61554
15171
1501
2473
50533
6798
3707
8815
54327
0971
64456
2006
47663
52682
59506
4687
61722
60976
4795
12400
7044
58290
64151
3289
9646
59643
2950
5974
20694
65287
0813
57563
8561
53705
55173
45233
4452
59222
62024
46280
0128
57161
57004
38275
54315
57763
64928
52430
62242
4645
8854
60643
55235
63190
2025
63859
53770
0883
5889
9758
54647
60051
56530
0093
42380
48521
46265
2432
50633
55445
46659
2188
51205
51165
38231
61430
57567
62392
51310
4920
6497
6348
54967
60421
0446
1566
56872
56692
4595
7415
1460
52706
61904
59588
59468
39382
51873
54154
2725
48720
58894
55939
7133
50053
54260
48392
6978
60207
0661
59914
18004
9695
7397
57890
6588
4875
2888
56871
1986
11099
9705
63590
59539
3145
64021
56544
45262
62097
64451
4156
53825
4120
3057
11493
53207
64109
62947
16487
63779
9036
7464
29132
10794
10423
65381
17636
5942
3981
61014
13931
14018
9686
63028
3760
7537
65161
54780
55181
5870
5106
3764
62013
14675
11155
10969
57400
8611
7766
18595
65237
16825
16805
31302
6623
11856
4981
20391
65379
2388
64086
19286
8552
5298
61866
9352
3694
60526
52055
63127
7574
3643
0144
3280
18266
10078
4379
59999
12928
8573
11844
63688
19806
17075
22589
63257
9721
3286
12357
53316
63775
62993
15032
61271
63807
58816
7645
57427
52642
48909
0817
0906
62582
61071
7145
13513
1944
60954
61367
10249
1341
0823
61744
17660
9351
7924
54450
5387
61264
63634
41614
60303
58909
4789
47982
59152
55774
1210
44172
47834
48352
1063
56833
57883
59986
9756
4698
59546
55849
64021
3932
58484
58716
63416
13330
65263
61349
51585
1980
52847
51524
37594
61147
55601
61359
42358
61359
55601
61147
37594
51524
52847
1980
51585
61349
65263
13330
63416
58716
58484
3932
64021
55849
59546
4698
9756
59986
57883
56833
1063
48352
47834
44172
1210
55774
59152
47982
4789
58909
60303
41614
63634
61264
5387
54450
7924
9351
17660
61744
0823
1341
10249
61367
60954
1944
13513
7145
61071
62582
0906
0817
48909
52642
57427
7645
58816
63807
61271
15032
62993
63775
53316
12357
3286
9721
63257
22589
17075
19806
63688
11844
8573
12928
59999
4379
10078
18266
3280
0144
3643
7574
63127
52055
60526
3694
9352
61866
5298
8552
19286
64086
2388
65379
20391
4981
11856
6623
31302
16805
16825
65237
18595
7766
8611
57400
10969
11155
14675
62013
3764
5106
5870
55181
54780
65161
7537
3760
63028
9686
14018
13931
61014
3981
5942
17636
65381
10423
10794
29132
7464
9036
63779
16487
62947
64109
53207
11493
3057
4120
53825
4156
64451
62097
45262
56544
64021
3145
59539
63590
9705
11099
1986
56871
2888
4875
6588
57890
7397
9695
18004
59914
0661
60207
6978
48392
54260
50053
7133
55939
58894
48720
2725
54154
51873
39382
59468
59588
61904
52706
1460
7415
4595
56692
56872
1566
0446
60421
54967
6348
6497
4920
51310
62392
57567
61430
38231
51165
51205
2188
46659
55445
50633
2432
46265
48521
42380
0093
56530
60051
54647
9758
5889
0883
53770
63859
2025
63190
55235
60643
8854
4645
62242
52430
64928
57763
54315
38275
57004
57161
0128
46280
62024
59222
4452
45233
55173
53705
8561
57563
0813
65287
20694
5974
2950
59643
9646
3289
64151
58290
7044
12400
4795
60976
61722
4687
59506
52682
47663
2006
64456
0971
54327
8815
3707
6798
50533
2473
1501
15171
61554
12214
12689
28361
5584
8609
3202
18312
1916
1508
65203
17832
11963
4803
63462
6532
6199
59536
53965
59950
9435
2568
2084
65365
18591
8493
6221
57882
13576
8911
15600
65205
22008
19609
27334
2123
12923
7757
17898
60873
3037
3848
20309
4323
2532
64710
10568
65128
56059
54725
2579
8138
0334
1352
7945
19442
5039
1635
63145
16635
6556
9280
0944
24918
16220
17157
61186
12474
3571
7555
50583
1877
1668
12883
57076
64185
62239
6005
52166
51211
53978
3937
64489
60701
65133
10893
11325
62155
61337
65420
11096
63073
0614
0974
20571
5236
3382
55216
7807
58395
58637
42102
65421
60385
0761
45967
62154
57670
62459
40058
50003
53713
1290
54162
58930
65414
10733
0126
56127
58964
1268
1787
55144
61603
2676
12880
59720
59510
54096
2235
47746
48662
41227
0063
54038
57678
43536
65177
54619
55826
36474
56242
56365
65346
50349
65328
4246
10931
58513
58389
62571
3892
60241
54952
64676
7415
6299
55372
59127
59055
63965
43088
48504
49379
3254
52342
57866
51714
7209
55109
56164
43934
3189
61774
2542
56026
13294
10971
12803
58596
3177
4126
7220
58105
63222
7265
12922
2373
59128
0157
0911
61602
45707
56633
61928
6800
55579
0236
0049
14537
57817
62545
57892
15576
1132
8266
1992
27002
15053
14488
63385
15098
8398
8235
59143
8938
13365
14655
64957
1201
6460
4555
58190
52245
0611
5645
6640
60772
9759
11132
15821
59669
4462
4446
20527
1830
13165
12017
32767
12017
13165
1830
20527
4446
4462
59669
15821
11132
9759
60772
6640
5645
0611
52245
58190
4555
6460
1201
64957
14655
13365
8938
59143
8235
8398
15098
63385
14488
15053
27002
1992
8266
1132
15576
57892
62545
57817
14537
0049
0236
55579
6800
61928
56633
45707
61602
0911
0157
59128
2373
12922
7265
63222
58105
7220
4126
3177
58596
12803
10971
13294
56026
2542
61774
3189
43934
56164
55109
7209
51714
57866
52342
3254
49379
48504
43088
63965
59055
59127
55372
6299
7415
64676
54952
60241
3892
62571
58389
58513
10931
4246
65328
50349
65346
56365
56242
36474
55826
54619
65177
43536
57678
54038
0063
41227
48662
47746
2235
54096
59510
59720
12880
2676
61603
55144
1787
1268
58964
56127
0126
10733
65414
58930
54162
1290
53713
50003
40058
62459
57670
62154
45967
0761
60385
65421
42102
58637
58395
7807
55216
3382
5236
20571
0974
0614
63073
11096
65420
61337
62155
11325
10893
65133
60701
64489
3937
53978
51211
52166
6005
62239
64185
57076
12883
1668
1877
50583
7555
3571
12474
61186
17157
16220
24918
0944
9280
6556
16635
63145
1635
5039
19442
7945
1352
0334
8138
2579
54725
56059
65128
10568
64710
2532
4323
20309
3848
3037
60873
17898
7757
12923
2123
27334
19609
22008
65205
15600
8911
13576
57882
6221
8493
18591
65365
2084
2568
9435
59950
53965
59536
6199
6532
63462
4803
11963
17832
65203
1508
1916
18312
3202
8609
5584
28361
12689
12214
61554
15171
1501
2473
50533
6798
3707
8815
54327
0971
64456
2006
47663
52682
59506
4687
61722
60976
4795
12400
7044
58290
64151
3289
9646
59643
2950
5974
20694
65287
0813
57563
8561
53705
55173
45233
4452
59222
62024
46280
0128
57161
57004
38275
54315
57763
64928
52430
62242
4645
8854
60643
55235
63190
2025
63859
53770
0883
5889
9758
54647
60051
56530
0093
42380
48521
46265
2432
50633
55445
46659
2188
51205
51165
38231
61430
57567
62392
51310
4920
6497
6348
54967
60421
0446
1566
56872
56692
4595
7415
1460
52706
61904
59588
59468
39382
51873
54154
2725
48720
58894
55939
7133
50053
54260
48392
6978
60207
0661
59914
18004
9695
7397
57890
6588
4875
2888
56871
1986
11099
9705
63590
59539
3145
64021
56544
45262
62097
64451
4156
53825
4120
3057
11493
53207
64109
62947
16487
63779
9036
7464
29132
10794
10423
65381
17636
5942
3981
61014
13931
14018
9686
63028
3760
7537
65161
54780
55181
5870
5106
3764
62013
14675
11155
10969
57400
8611
7766
18595
65237
16825
16805
31302
6623
11856
4981
20391
65379
2388
64086
19286
8552
5298
61866
9352
3694
60526
52055
63127
7574
3643
0144
3280
18266
10078
4379
59999
12928
8573
11844
63688
19806
17075
22589
63257
9721
3286
12357
53316
63775
62993
15032
61271
63807
58816
7645
57427
52642
48909
0817
0906
62582
61071
7145
13513
1944
60954
61367
10249
1341
0823
61744
17660
9351
7924
54450
5387
61264
63634
41614
60303
58909
4789
47982
59152
55774
1210
44172
47834
48352
1063
56833
57883
59986
9756
4698
59546
55849
64021
3932
58484
58716
63416
13330
65263
61349
51585
1980
52847
51524
37594
61147
55601
61359
42358
61359
55601
61147
37594
51524
52847
1980
51585
61349
65263
13330
63416
58716
58484
3932
64021
55849
59546
4698
9756
59986
57883
56833
1063
48352
47834
44172
1210
55774
59152
47982
4789
58909
60303
41614
63634
61264
5387
54450
7924
9351
17660
61744
0823
1341
10249
61367
60954
1944
13513
7145
61071
62582
0906
0817
48909
52642
57427
7645
58816
63807
61271
15032
62993
63775
53316
12357
3286
9721
63257
22589
17075
19806
63688
11844
8573
12928
59999
4379
10078
18266
3280
0144
3643
7574
63127
52055
60526
3694
9352
61866
5298
8552
19286
64086
2388
65379
20391
4981
11856
6623
31302
16805
16825
65237
18595
7766
8611
57400
10969
11155
14675
62013
3764
5106
5870
55181
54780
65161
7537
3760
63028
9686
14018
13931
61014
3981
5942
17636
65381
10423
10794
29132
7464
9036
63779
16487
62947
64109
53207
11493
3057
4120
53825
4156
64451
62097
45262
56544
64021
3145
59539
63590
9705
11099
1986
56871
2888
4875
6588
57890
7397
9695
18004
59914
0661
60207
6978
48392
54260
50053
7133
55939
58894
48720
2725
54154
51873
39382
59468
59588
61904
52706
1460
7415
4595
56692
56872
1566
0446
60421
54967
6348
6497
4920
51310
62392
57567
61430
38231
51165
51205
2188
46659
55445
50633
2432
46265
48521
42380
0093
56530
60051
54647
9758
5889
0883
53770
63859
2025
63190
55235
60643
8854
4645
62242
52430
64928
57763
54315
38275
57004
57161
0128
46280
62024
59222
4452
45233
55173
53705
8561
57563
0813
65287
20694
5974
2950
59643
9646
3289
64151
58290
7044
12400
4795
60976
61722
4687
59506
52682
47663
2006
64456
0971
54327
8815
3707
6798
50533
2473
1501
15171
61554
12214
12689
28361
5584
8609
3202
18312
1916
1508
65203
17832
11963
4803
63462
6532
6199
59536
53965
59950
9435
2568
2084
65365
18591
8493
6221
57882
13576
8911
15600
65205
22008
19609
27334
2123
12923
7757
17898
60873
3037
3848
20309
4323
2532
64710
10568
65128
56059
54725
2579
8138
0334
1352
7945
19442
5039
1635
63145
16635
6556
9280
0944
24918
16220
17157
61186
12474
3571
7555
50583
1877
1668
12883
57076
64185
62239
6005
52166
51211
53978
3937
64489
60701
65133
10893
11325
62155
61337
65420
11096
63073
0614
0974
20571
5236
3382
55216
7807
58395
58637
42102
65421
60385
0761
45967
62154
57670
62459
40058
50003
53713
1290
54162
58930
65414
10733
0126
56127
58964
1268
1787
55144
61603
2676
12880
59720
59510
54096
2235
47746
48662
41227
0063
54038
57678
43536
65177
54619
55826
36474
56242
56365
65346
50349
65328
4246
10931
58513
58389
62571
3892
60241
54952
64676
7415
6299
55372
59127
59055
63965
43088
48504
49379
3254
52342
57866
51714
7209
55109
56164
43934
3189
61774
2542
56026
13294
10971
12803
58596
3177
4126
7220
58105
63222
7265
12922
2373
59128
0157
0911
61602
45707
56633
61928
6800
55579
0236
0049
14537
57817
62545
57892
15576
1132
8266
1992
27002
15053
14488
63385
15098
8398
8235
59143
8938
13365
14655
64957
1201
6460
4555
58190
52245
0611
5645
6640
60772
9759
11132
15821
59669
4462
4446
20527
1830
13165
12017
32767
12017
13165
1830
20527
4446
4462
59669
15821
11132
9759
60772
6640
5645
0611
52245
58190
4555
6460
1201
64957
14655
13365
8938
59143
8235
8398
15098
63385
14488
15053
27002
1992
8266
1132
15576
57892
62545
57817
14537
0049
0236
55579
6800
61928
56633
45707
61602
0911
0157
59128
2373
12922
7265
63222
58105
7220
4126
3177
58596
12803
10971
13294
56026
2542
61774
3189
43934
56164
55109
7209
51714
57866
52342
3254
49379
48504
43088
63965
59055
59127
55372
6299
7415
64676
54952
60241
3892
62571
58389
58513
10931
4246
65328
50349
65346
56365
56242
36474
55826
54619
65177
43536
57678
54038
0063
41227
48662
47746
2235
54096
59510
59720
12880
2676
61603
55144
1787
1268
58964
56127
0126
10733
65414
58930
54162
1290
53713
50003
40058
62459
57670
62154
45967
0761
60385
65421
42102
58637
58395
7807
55216
3382
5236
20571
0974
0614
63073
11096
65420
61337
62155
11325
10893
65133
60701
64489
3937
53978
51211
52166
6005
62239
64185
57076
12883
1668
1877
50583
7555
3571
12474
61186
17157
16220
24918
0944
9280
6556
16635
63145
1635
5039
19442
7945
1352
0334
8138
2579
54725
56059
65128
10568
64710
2532
4323
20309
3848
3037
60873
17898
7757
12923
2123
27334
19609
22008
65205
15600
8911
13576
57882
6221
8493
18591
65365
2084
2568
9435
59950
53965
59536
6199
6532
63462
4803
11963
17832
65203
1508
1916
18312
3202
8609
5584
28361
12689
12214
61554
15171
1501
2473
50533
6798
3707
8815
54327
0971
64456
2006
47663
52682
59506
4687
61722
60976
4795
12400
7044
58290
64151
3289
9646
59643
2950
5974
20694
65287
0813
57563
8561
53705
55173
45233
4452
59222
62024
46280
0128
57161
57004
38275
54315
57763
64928
52430
62242
4645
8854
60643
55235
63190
2025
63859
53770
0883
5889
9758
54647
60051
56530
0093
42380
48521
46265
2432
50633
55445
46659
2188
51205
51165
38231
61430
57567
62392
51310
4920
6497
6348
54967
60421
0446
1566
56872
56692
4595
7415
1460
52706
61904
59588
59468
39382
51873
54154
2725
48720
58894
55939
7133
50053
54260
48392
6978
60207
0661
59914
18004
9695
7397
57890
6588
4875
2888
56871
1986
11099
9705
63590
59539
3145
64021
56544
45262
62097
64451
4156
53825
4120
3057
11493
53207
64109
62947
16487
63779
9036
7464
29132
10794
10423
65381
17636
5942
3981
61014
13931
14018
9686
63028
3760
7537
65161
54780
55181
5870
5106
3764
62013
14675
11155
10969
57400
8611
7766
18595
65237
16825
16805
31302
6623
11856
4981
20391
65379
2388
64086
19286
8552
5298
61866
9352
3694
60526
52055
63127
7574
3643
0144
3280
18266
10078
4379
59999
12928
8573
11844
63688
19806
17075
22589
63257
9721
3286
12357
53316
63775
62993
15032
61271
63807
58816
7645
57427
52642
48909
0817
0906
62582
61071
7145
13513
1944
60954
61367
10249
1341
0823
61744
17660
9351
7924
54450
5387
61264
63634
41614
60303
58909
4789
47982
59152
55774
1210
44172
47834
48352
1063
56833
57883
59986
9756
4698
59546
55849
64021
3932
58484
58716
63416
13330
65263
61349
51585
1980
52847
51524
37594
61147
55601
61359
42358
61359
55601
61147
37594
51524
52847
1980
51585
61349
65263
13330
63416
58716
58484
3932
64021
55849
59546
4698
9756
59986
57883
56833
1063
48352
47834
44172
1210
55774
59152
47982
4789
58909
60303
41614
63634
61264
5387
54450
7924
9351
17660
61744
0823
1341
10249
61367
60954
1944
13513
7145
61071
62582
0906
0817
48909
52642
57427
7645
58816
63807
61271
15032
62993
63775
53316
12357
3286
9721
63257
22589
17075
19806
63688
11844
8573
12928
59999
4379
10078
18266
3280
0144
3643
7574
63127
52055
60526
3694
9352
61866
5298
8552
19286
64086
2388
65379
20391
4981
11856
6623
31302
16805
16825
65237
18595
7766
8611
57400
10969
11155
14675
62013
3764
5106
5870
55181
54780
65161
7537
3760
63028
9686
14018
13931
61014
3981
5942
17636
65381
10423
10794
29132
7464
9036
63779
16487
62947
64109
53207
11493
3057
4120
53825
4156
64451
62097
45262
56544
64021
3145
59539
63590
9705
11099
1986
56871
2888
4875
6588
57890
7397
9695
18004
59914
0661
60207
6978
48392
54260
50053
7133
55939
58894
48720
2725
54154
51873
39382
59468
59588
61904
52706
1460
7415
4595
56692
56872
1566
0446
60421
54967
6348
6497
4920
51310
62392
57567
61430
38231
51165
51205
2188
46659
55445
50633
2432
46265
48521
42380
0093
56530
60051
54647
9758
5889
0883
53770
63859
2025
63190
55235
60643
8854
4645
62242
52430
64928
57763
54315
38275
57004
57161
0128
46280
62024
59222
4452
45233
55173
53705
8561
57563
0813
65287
20694
5974
2950
59643
9646
3289
64151
58290
7044
12400
4795
60976
61722
4687
59506
52682
47663
2006
64456
0971
54327
8815
3707
6798
50533
2473
1501
15171
61554
12214
12689
28361
5584
8609
3202
18312
1916
1508
65203
17832
11963
4803
63462
6532
6199
59536
53965
59950
9435
2568
2084
65365
18591
8493
6221
57882
13576
8911
15600
65205
22008
19609
27334
2123
12923
7757
17898
60873
3037
3848
20309
4323
2532
64710
10568
65128
56059
54725
2579
8138
0334
1352
7945
19442
5039
1635
63145
16635
6556
9280
0944
24918
16220
17157
61186
12474
3571
7555
50583
1877
1668
12883
57076
64185
62239
6005
52166
51211
53978
3937
64489
60701
65133
10893
11325
62155
61337
65420
11096
63073
0614
0974
20571
5236
3382
55216
7807
58395
58637
42102
65421
60385
0761
45967
62154
57670
62459
40058
50003
53713
1290
54162
58930
65414
10733
0126
56127
58964
1268
1787
55144
61603
2676
12880
59720
59510
54096
2235
47746
48662
41227
0063
54038
57678
43536
65177
54619
55826
36474
56242
56365
65346
50349
65328
4246
10931
58513
58389
62571
3892
60241
54952
64676
7415
6299
55372
59127
59055
63965
43088
48504
49379
3254
52342
57866
51714
7209
55109
56164
43934
3189
61774
2542
56026
13294
10971
12803
58596
3177
4126
7220
58105
63222
7265
12922
2373
59128
0157
0911
61602
45707
56633
61928
6800
55579
0236
0049
14537
57817
62545
57892
15576
1132
8266
1992
27002
15053
14488
63385
15098
8398
8235
59143
8938
13365
14655
64957
1201
6460
4555
58190
52245
0611
5645
6640
60772
9759
11132
15821
59669
4462
4446
20527
1830
13165
12017
32767
12017
13165
1830
20527
4446
4462
59669
15821
11132
9759
60772
6640
5645
0611
52245
58190
4555
6460
1201
64957
14655
13365
8938
59143
8235
8398
15098
63385
14488
15053
27002
1992
8266
1132
15576
57892
62545
57817
14537
0049
0236
55579
6800
61928
56633
45707
61602
0911
0157
59128
2373
12922
7265
63222
58105
7220
4126
3177
58596
12803
10971
13294
56026
2542
61774
3189
43934
56164
55109
7209
51714
57866
52342
3254
49379
48504
43088
63965
59055
59127
55372
6299
7415
64676
54952
60241
3892
62571
58389
58513
10931
4246
65328
50349
65346
56365
56242
36474
55826
54619
65177
43536
57678
54038
0063
41227
48662
47746
2235
54096
59510
59720
12880
2676
61603
55144
1787
1268
58964
56127
0126
10733
65414
58930
54162
1290
53713
50003
40058
62459
57670
62154
45967
0761
60385
65421
42102
58637
58395
7807
55216
3382
5236
20571
0974
0614
63073
11096
65420
61337
62155
11325
10893
65133
60701
64489
3937
53978
51211
52166
6005
62239
64185
57076
12883
1668
1877
50583
7555
3571
12474
61186
17157
16220
24918
0944
9280
6556
16635
63145
1635
5039
19442
7945
1352
0334
8138
2579
54725
56059
65128
10568
64710
2532
4323
20309
3848
3037
60873
17898
7757
12923
2123
27334
19609
22008
65205
15600
8911
13576
57882
6221
8493
18591
65365
2084
2568
9435
59950
53965
59536
6199
6532
63462
4803
11963
17832
65203
1508
1916
18312
3202
8609
5584
28361
12689
12214
61554
15171
1501
2473
50533
6798
3707
8815
54327
0971
64456
2006
47663
52682
59506
4687
61722
60976
4795
12400
7044
58290
64151
3289
9646
59643
2950
5974
20694
65287
0813
57563
8561
53705
55173
45233
4452
59222
62024
46280
0128
57161
57004
38275
54315
57763
64928
52430
62242
4645
8854
60643
55235
63190
2025
63859
53770
0883
5889
9758
54647
60051
56530
0093
42380
48521
46265
2432
50633
55445
46659
2188
51205
51165
38231
61430
57567
62392
51310
4920
6497
6348
54967
60421
0446
1566
56872
56692
4595
7415
1460
52706
61904
59588
59468
39382
51873
54154
2725
48720
58894
55939
7133
50053
54260
48392
6978
60207
0661
59914
18004
9695
7397
57890
6588
4875
2888
56871
1986
11099
9705
63590
59539
3145
64021
56544
45262
62097
64451
4156
53825
4120
3057
11493
53207
64109
62947
16487
63779
9036
7464
29132
10794
10423
65381
17636
5942
3981
61014
13931
14018
9686
63028
3760
7537
65161
54780
55181
5870
5106
3764
62013
14675
11155
10969
57400
8611
7766
18595
65237
16825
16805
31302
6623
11856
4981
20391
65379
2388
64086
19286
8552
5298
61866
9352
3694
60526
52055
63127
7574
3643
0144
3280
18266
10078
4379
59999
12928
8573
11844
63688
19806
17075
22589
63257
9721
3286
12357
53316
63775
62993
15032
61271
63807
58816
7645
57427
52642
48909
0817
0906
62582
61071
7145
13513
1944
60954
61367
10249
1341
0823
61744
17660
9351
7924
54450
5387
61264
63634
41614
60303
58909
4789
47982
59152
55774
1210
44172
47834
48352
1063
56833
57883
59986
9756
4698
59546
55849
64021
3932
58484
58716
63416
13330
65263
61349
51585
1980
52847
51524
37594
61147
55601
61359
42358
61359
55601
61147
37594
51524
52847
1980
51585
61349
65263
13330
63416
58716
58484
3932
64021
55849
59546
4698
9756
59986
57883
56833
1063
48352
47834
44172
1210
55774
59152
47982
4789
58909
60303
41614
63634
61264
5387
54450
7924
9351
17660
61744
0823
1341
10249
61367
60954
1944
13513
7145
61071
62582
0906
0817
48909
52642
57427
7645
58816
63807
61271
15032
62993
63775
53316
12357
3286
9721
63257
22589
17075
19806
63688
11844
8573
12928
59999
4379
10078
18266
3280
0144
3643
7574
63127
52055
60526
3694
9352
61866
5298
8552
19286
64086
2388
65379
20391
4981
11856
6623
31302
16805
16825
65237
18595
7766
8611
57400
10969
11155
14675
62013
3764
5106
5870
55181
54780
65161
7537
3760
63028
9686
14018
13931
61014
3981
5942
17636
65381
10423
10794
29132
7464
9036
63779
16487
62947
64109
53207
11493
3057
4120
53825
4156
64451
62097
45262
56544
64021
3145
59539
63590
9705
11099
1986
56871
2888
4875
6588
57890
7397
9695
18004
59914
0661
60207
6978
48392
54260
50053
7133
55939
58894
48720
2725
54154
51873
39382
59468
59588
61904
52706
1460
7415
4595
56692
56872
1566
0446
60421
54967
6348
6497
4920
51310
62392
57567
61430
38231
51165
51205
2188
46659
55445
50633
2432
46265
48521
42380
0093
56530
60051
54647
9758
5889
0883
53770
63859
2025
63190
55235
60643
8854
4645
62242
52430
64928
57763
54315
38275
57004
57161
0128
46280
62024
59222
4452
45233
55173
53705
8561
57563
0813
65287
20694
5974
2950
59643
9646
3289
64151
58290
7044
12400
4795
60976
61722
4687
59506
52682
47663
2006
64456
0971
54327
8815
3707
6798
50533
2473
1501
15171
61554
12214
12689
28361
5584
8609
3202
18312
1916
1508
65203
17832
11963
4803
63462
6532
6199
59536
53965
59950
9435
2568
2084
65365
18591
8493
6221
57882
13576
8911
15600
65205
22008
19609
27334
2123
12923
7757
17898
60873
3037
3848
20309
4323
2532
64710
10568
65128
56059
54725
2579
8138
0334
1352
7945
19442
5039
1635
63145
16635
6556
9280
0944
24918
16220
17157
61186
12474
3571
7555
50583
1877
1668
12883
57076
64185
62239
6005
52166
51211
53978
3937
64489
60701
65133
10893
11325
62155
61337
65420
11096
63073
0614
0974
20571
5236
3382
55216
7807
58395
58637
42102
65421
60385
0761
45967
62154
57670
62459
40058
50003
53713
1290
54162
58930
65414
10733
0126
56127
58964
1268
1787
55144
61603
2676
12880
59720
59510
54096
2235
47746
48662
41227
0063
54038
57678
43536
65177
54619
55826
36474
56242
56365
65346
50349
65328
4246
10931
58513
58389
62571
3892
60241
54952
64676
7415
6299
55372
59127
59055
63965
43088
48504
49379
3254
52342
57866
51714
7209
55109
56164
43934
3189
61774
2542
56026
13294
10971
12803
58596
3177
4126
7220
58105
63222
7265
12922
2373
59128
0157
0911
61602
45707
56633
61928
6800
55579
0236
0049
14537
57817
62545
57892
15576
1132
8266
1992
27002
15053
14488
63385
15098
8398
8235
59143
8938
13365
14655
64957
1201
6460
4555
58190
52245
0611
5645
6640
60772
9759
11132
15821
59669
4462
4446
20527
1830
13165
12017
